A-	T-	G-	C-	-A	-T	-G	-C	-N	AT	AG	AC	TA	TG	TC	GA	GT	GC	CA	CT	CG	multinuc_deletion	multinuc_insertion	A_multinuc_mismatch	C_multinuc_mismatch	G_multinuc_mismatch	T_multinuc_mismatch	N_multinuc_mismatch	complex_deletion	complex_insertion	read_depth	effective_depth	off_target_mapped_depth	low_mapq_mapped_depth	mapped_depth
0	0	0	0	0	0	0	0	0	0	0	0	0	0	0	0	0	0	0	0	0	0	0	0	0	0	0	0	0	0	12211	11354	0	1995	12211
0	0	0	0	0	0	0	0	0	0	0	0	0	0	0	0	0	0	0	0	0	0	0	0	0	0	0	0	0	0	13081	11983	0	2160	13081
0	0	0	0	0	0	0	0	0	0	0	0	0	0	0	0	0	0	2	1826	0	0	0	0	0	0	0	0	0	0	13971	13215	0	2354	13971
0	0	0	0	0	0	0	0	0	0	0	0	0	0	0	0	0	0	4	8	0	0	0	0	0	0	0	0	0	0	15211	14374	0	2702	15211
0	0	0	0	0	0	0	0	0	0	0	0	0	1	4	0	0	0	0	0	0	0	0	0	0	0	0	0	0	0	15969	15171	0	2940	15969
0	0	1	0	0	0	0	0	0	0	0	0	0	0	0	17	6	1	0	0	0	0	0	0	0	3	0	0	0	0	16354	15569	0	3063	16354
0	0	0	0	0	0	0	0	0	0	0	0	0	0	0	12	1	0	0	0	0	0	0	0	0	1	0	0	0	2	16636	15732	0	3168	16636
0	0	0	0	0	0	0	0	0	0	0	0	0	0	0	0	0	0	0	2	2	0	0	0	0	0	0	0	0	0	16910	15991	0	3304	16910
0	0	8	0	0	0	0	0	0	0	0	0	0	0	0	12	1	3	0	0	0	0	1	0	0	0	0	0	0	1	17176	16225	0	3414	17176
0	0	0	0	0	0	0	0	0	0	0	0	0	0	0	28	1	0	0	0	0	0	0	0	0	10	0	0	0	0	17423	16354	0	3577	17423
0	0	0	0	0	0	0	0	0	0	0	0	0	0	0	0	0	0	4	12	2	0	0	0	3	0	0	0	2	0	17558	16161	0	3658	17558
0	0	0	0	1	0	0	0	0	0	0	0	0	0	0	0	0	0	9180	5	4	0	1	0	119	0	0	0	0	8	17686	16326	0	3716	17686
0	0	0	0	0	0	0	0	0	0	0	0	0	0	0	27	23	0	0	0	0	0	0	0	0	45	0	0	2	1	18211	16977	0	4039	18211
0	0	0	0	0	0	0	0	0	0	0	0	0	0	2	0	0	0	0	0	0	2	0	0	0	0	5	0	0	0	18613	16722	0	4298	18613
0	0	0	0	0	0	0	0	0	8	0	3	0	0	0	0	0	0	0	0	0	0	0	5	0	0	0	0	2	0	18794	16891	0	4413	18794
0	0	0	0	0	0	0	0	0	0	0	0	0	0	0	20	0	0	0	0	0	1	0	0	0	17	0	0	4	0	19073	17226	0	4596	19073
0	0	0	0	0	0	0	0	0	0	0	0	0	0	0	0	0	0	2	6	2	0	0	0	0	0	0	0	1	0	19365	18455	0	4825	19365
0	0	0	0	0	0	0	0	0	0	0	0	0	0	0	18	5	2	0	0	0	0	0	0	0	25	0	0	3	0	19674	18385	0	5035	19674
0	0	0	0	0	0	0	0	0	0	0	0	0	0	0	0	0	0	0	4	0	0	0	0	1	0	0	0	2	0	19985	18701	0	5278	19985
0	0	3	0	0	0	0	0	0	0	0	0	0	0	0	48	7	0	0	0	0	0	0	0	0	4	0	0	7	1	20204	18900	0	5454	20204
0	0	0	0	0	0	0	0	0	0	0	0	0	0	0	38	4	0	0	0	0	0	2	0	0	9	0	0	0	3	20448	19447	0	5644	20448
0	0	0	0	0	0	0	0	0	0	0	0	4	4	7	0	0	0	0	0	0	0	0	0	0	0	1	0	1	1	20833	19808	0	5952	20833
0	0	5	0	0	0	0	0	0	0	0	0	0	0	0	35	17	11	0	0	0	0	1	0	0	11	0	0	1	2	20983	19998	0	6079	20983
0	0	0	0	0	1	0	0	0	0	0	0	0	0	0	28	1	0	0	0	0	1	1	0	0	18	0	0	0	2	21203	20190	0	6257	21203
0	0	0	0	0	0	0	0	0	0	0	0	2	7	11	0	0	0	0	0	0	0	0	0	0	0	9	0	2	3	21482	20382	0	6482	21481
0	0	0	8	0	0	0	0	0	0	0	0	0	0	0	0	0	0	2	5	0	0	0	0	7	0	0	0	4	0	21584	20411	0	6562	21584
0	0	0	0	0	0	0	0	0	0	0	0	0	0	0	0	0	0	0	0	0	0	0	0	8	0	0	0	1	0	21710	20664	0	6679	21709
0	0	0	0	0	0	0	0	0	0	0	0	0	0	0	0	0	0	2	3	0	0	0	0	1	0	0	0	0	0	21866	20891	0	6826	21865
1	0	0	0	0	0	0	0	0	1	3	2	0	0	0	0	0	0	0	0	0	1	0	1	0	0	0	0	2	0	21993	21078	0	6963	21991
0	0	0	0	0	1	0	0	0	0	0	0	0	0	0	0	0	0	0	4	0	0	0	0	1	0	0	0	1	0	22138	21132	0	7069	22132
0	0	0	0	0	0	0	0	0	0	0	0	0	0	0	0	0	0	1	7	0	0	0	0	0	0	0	0	1	0	22244	20773	0	7162	22237
0	0	0	0	0	0	0	0	0	0	0	0	0	0	8	0	0	0	0	0	0	0	0	0	0	0	0	0	0	0	22345	20817	0	7277	22338
0	0	2	0	0	0	0	0	0	0	0	0	0	0	0	22	3	0	0	0	0	0	1	0	0	0	0	0	1	2	22408	20863	0	7330	22400
0	0	0	0	0	0	0	2	0	2	2	2	0	0	0	0	0	0	0	0	0	0	0	1	0	0	0	0	0	1	22497	21398	0	7376	22489
0	0	0	1	0	0	0	0	0	0	0	0	0	0	0	0	0	0	0	7	0	0	0	0	1	0	0	0	2	3	22563	21394	0	7446	22555
0	0	0	0	0	0	0	0	0	0	0	0	0	0	0	0	0	0	3	7	0	0	0	0	1	0	0	0	1	0	22653	21518	0	7496	22645
0	0	0	0	0	0	0	0	0	0	0	0	0	0	0	0	0	0	2	1	0	0	0	0	1	0	0	0	1	0	22709	21588	0	7541	22699
0	0	0	0	0	0	0	0	0	0	0	0	0	0	0	0	0	0	1	1	0	0	0	0	0	0	0	0	0	0	22757	21479	0	7572	22746
0	0	0	0	0	0	0	0	0	3	5	1	0	0	0	0	0	0	0	0	0	0	0	4	0	0	0	0	2	0	22805	21453	0	7618	22791
0	0	0	0	0	0	0	0	0	0	0	0	0	1	2	0	0	0	0	0	0	0	0	0	0	0	0	0	0	0	22887	21471	0	7674	22871
0	0	0	0	0	0	0	0	0	0	0	0	0	0	0	14	2	6	0	0	0	1	0	0	0	2	0	0	1	1	22925	21612	0	7716	22907
0	0	0	0	0	0	0	0	0	0	0	0	0	0	0	0	0	0	0	11	0	1	0	0	0	0	0	0	1	0	22993	21826	0	7757	22971
0	0	0	0	0	0	0	0	0	0	0	0	0	0	0	0	0	0	2	7	0	2	0	0	1	0	0	0	2	0	23044	21862	0	7824	23024
0	0	0	0	0	0	0	0	0	0	0	0	0	0	0	42	1	1	0	0	0	0	0	0	0	0	0	0	0	0	23067	21860	0	7873	23043
0	0	0	0	0	0	0	0	0	1	4	0	0	0	0	0	0	0	0	0	0	0	0	0	0	0	0	0	0	0	23105	21414	0	7925	23082
0	0	0	0	0	0	0	0	0	1	5	2	0	0	0	0	0	0	0	0	0	0	1	1	0	0	0	0	0	0	23127	21520	0	7951	23095
0	0	0	0	0	0	0	0	0	0	0	0	0	0	0	0	0	0	3	1	0	0	0	0	0	0	0	0	0	0	23153	21605	0	7984	23114
0	0	0	0	0	0	0	0	0	0	0	0	1	1	0	0	0	0	0	0	0	0	1	0	0	0	0	0	0	0	23174	22041	0	8016	23134
0	0	0	0	0	0	0	0	0	0	0	0	0	0	0	0	0	0	0	7	0	0	0	0	1	0	0	0	0	0	23193	21444	0	8027	23155
1	0	0	0	0	0	0	0	0	0	2	1	0	0	0	0	0	0	0	0	0	0	0	1	0	0	0	0	0	0	23192	21393	0	8055	23151
0	0	0	0	1	0	0	0	0	0	0	0	0	0	0	22	2	0	0	0	0	0	0	0	0	0	0	0	0	1	23226	21391	0	8081	23183
0	0	0	0	0	0	0	0	0	0	4	0	0	0	0	0	0	0	0	0	0	0	0	0	0	0	0	0	0	0	23254	21987	0	8109	23212
0	0	0	0	0	0	0	0	0	1	2	1	0	0	0	0	0	0	0	0	0	0	0	6	0	0	0	0	0	1	23258	22012	0	8130	23217
0	0	0	0	0	0	0	0	0	0	0	0	0	0	0	38	0	1	0	0	0	0	1	0	0	1	0	0	0	2	23292	21932	0	8148	23250
0	0	0	0	0	0	0	1	0	0	0	0	0	0	9	0	0	0	0	0	0	0	0	0	0	0	1	0	0	0	23279	21844	0	8159	23240
0	0	0	0	0	0	0	0	0	0	0	0	0	0	0	37	0	0	0	0	0	0	0	0	0	1	0	0	0	1	23279	21931	0	8163	23239
1	0	0	0	0	0	0	0	0	2	2	5	0	0	0	0	0	0	0	0	0	0	1	0	0	0	0	0	0	0	23288	22034	0	8177	23248
0	0	0	0	0	2	0	0	0	1	5	0	0	0	0	0	0	0	0	0	0	0	0	0	0	0	0	0	0	2	23284	22040	0	8191	23242
0	0	0	0	0	0	0	0	0	2	0	0	0	0	0	0	0	0	0	0	0	0	0	3	0	0	0	0	0	0	23249	21887	0	8198	23212
0	0	0	0	0	0	0	0	0	0	0	0	0	0	0	0	0	0	0	8	0	0	0	0	1	0	0	0	0	0	23232	21785	0	8217	23191
0	0	0	0	0	0	0	0	0	0	0	0	0	0	0	31	0	1	0	0	0	0	0	0	0	0	0	0	3	0	23207	21636	0	8222	23166
0	0	0	0	0	0	0	0	0	0	0	0	0	0	0	0	0	0	2	8	2	0	0	0	0	0	0	0	1	0	23201	21722	0	8226	23158
0	0	0	0	0	0	0	0	0	0	0	0	0	0	0	0	0	0	0	4	0	0	0	0	0	0	0	0	0	0	23179	21730	0	8227	23134
0	0	1	0	0	0	0	0	0	0	0	0	0	0	0	48	0	0	0	0	0	0	0	0	0	1	0	0	0	3	23153	21763	0	8228	23108
0	0	0	0	0	0	0	0	0	0	0	0	2	0	6	0	0	0	0	0	0	1	0	0	0	0	0	0	0	0	23103	21645	0	8230	23056
0	0	0	0	0	0	0	0	0	0	2	3	0	0	0	0	0	0	0	0	0	0	0	0	0	0	0	0	0	0	22998	21676	0	8230	22949
0	0	0	0	0	0	0	0	0	0	0	0	0	0	0	27	3	0	0	0	0	0	0	0	0	0	0	0	0	1	22987	21695	0	8233	22937
0	0	0	0	0	0	0	0	0	0	0	0	0	0	0	0	0	0	0	5	0	3	0	0	1	0	0	0	0	0	22987	21804	0	8238	22938
0	0	0	0	0	0	0	0	0	0	0	0	0	0	0	37	1	3	0	0	0	0	0	0	0	0	0	0	0	0	22966	21647	0	8239	22917
0	0	0	0	0	0	0	0	0	0	0	0	0	0	0	0	0	0	0	8	0	0	0	0	1	0	0	0	0	1	22951	21670	0	8238	22900
0	0	0	0	0	0	0	0	0	0	0	0	0	0	0	0	0	0	4	1	0	0	0	0	0	0	0	0	0	0	22928	21641	0	8242	22876
0	0	0	0	0	0	0	0	0	0	0	0	0	0	0	41	4	0	0	0	0	0	0	0	0	0	0	0	0	1	22895	20906	0	8239	22846
0	0	0	0	0	0	0	0	0	0	1	1	0	0	0	0	0	0	0	0	0	0	0	0	0	0	0	0	0	0	22867	20389	0	8236	22811
0	0	0	0	0	0	0	0	0	0	0	0	0	0	2	0	0	0	0	0	0	0	0	0	0	0	0	0	0	0	22836	20234	0	8235	22779
0	0	1	0	0	0	0	0	0	0	0	0	0	0	0	23	4	0	0	0	0	0	0	0	0	0	0	0	1	0	22826	20869	0	8231	22768
0	0	0	0	0	0	0	0	0	0	0	0	0	0	0	59	1	0	0	0	0	0	0	0	0	0	0	0	0	0	22826	21129	0	8232	22771
0	0	0	0	0	0	0	0	0	0	0	0	0	0	5	0	0	0	0	0	0	0	0	0	0	0	0	0	0	0	22825	20950	0	8236	22775
0	0	0	0	0	0	0	0	0	1	0	1	0	0	0	0	0	0	0	0	0	0	0	0	0	0	0	0	1	0	22810	20873	0	8232	22761
0	0	0	0	0	0	0	0	0	0	0	0	0	0	0	57	0	2	0	0	0	0	0	0	0	1	0	0	1	0	22815	21190	0	8231	22769
0	0	0	0	0	0	0	0	0	0	0	0	0	0	5	0	0	0	0	0	0	0	0	0	0	0	0	0	0	0	22802	21500	0	8235	22758
0	0	0	0	0	0	0	0	0	0	0	0	0	0	0	34	2	2	0	0	0	2	0	0	0	0	0	0	0	0	22779	21319	0	8226	22740
0	0	0	0	0	0	2	0	0	0	0	0	1	0	5	0	0	0	0	0	0	0	0	0	0	0	1	0	0	0	22776	21332	0	8218	22739
0	0	4	0	0	0	0	0	0	0	0	0	0	0	0	6	3	0	0	0	0	0	0	0	0	0	0	0	0	0	22757	21105	0	8208	22722
0	0	0	0	0	0	0	0	0	0	0	0	0	0	0	10	0	0	0	0	0	0	0	0	0	0	0	0	1	0	22762	21255	0	8204	22727
0	0	0	0	0	0	0	0	0	0	0	0	0	0	0	63	4	3	0	0	0	0	0	0	0	0	0	0	0	1	22748	21398	0	8199	22721
0	0	0	0	0	0	0	0	0	0	0	0	0	0	0	23	1	0	0	0	0	0	0	0	0	0	0	0	0	0	22735	20237	0	8196	22709
0	0	0	0	0	0	0	0	0	0	0	0	2	0	4	0	0	0	0	0	0	0	0	0	0	0	0	0	0	0	22725	20113	0	8190	22700
0	0	0	0	0	0	0	0	0	0	0	0	0	0	0	0	0	0	2	2	0	0	0	0	0	0	0	0	0	0	22724	19958	0	8187	22704
0	2	0	0	0	0	0	9	0	0	0	0	0	0	13	0	0	0	0	0	0	0	0	0	0	0	1	0	0	0	22710	21015	0	8184	22697
0	0	0	2	0	0	0	0	0	0	0	0	0	0	0	0	0	0	1	5	0	0	0	0	0	0	0	0	0	0	22703	21034	0	8180	22690
0	0	0	0	0	0	0	0	0	0	0	0	0	0	0	0	0	0	0	1	0	0	0	0	1	0	0	0	0	0	22693	20945	0	8180	22685
0	0	0	0	0	0	0	0	0	0	0	0	0	0	0	0	0	0	1	3215	0	0	0	0	7	0	0	0	0	2	22639	20948	0	8165	22632
0	0	0	0	0	0	0	0	0	0	0	0	0	0	0	0	0	0	1	2	0	0	0	0	1	0	0	0	0	0	22604	20561	0	8161	22602
0	0	0	0	0	0	0	0	0	0	1	2	0	0	0	0	0	0	0	0	0	0	0	0	0	0	0	0	0	0	22338	20463	0	8036	22338
0	0	0	0	0	0	0	0	0	0	0	0	0	0	2	0	0	0	0	0	0	0	0	0	0	0	1	0	0	0	22296	20368	0	8028	22296
0	0	0	0	0	0	0	0	0	0	0	0	0	0	0	12	1	0	0	0	0	0	0	0	0	2	0	0	0	0	22271	20310	0	8019	22271
0	0	0	0	0	0	0	0	0	0	0	0	0	0	0	0	0	0	0	10	0	0	0	0	2	0	0	0	0	0	22230	20189	0	8012	22230
0	0	0	0	0	0	0	0	0	0	0	0	0	0	0	24	0	4	0	0	0	0	0	0	0	6	0	0	0	0	22168	19014	0	8003	22168
0	0	0	0	0	0	0	0	0	0	2	0	0	0	0	0	0	0	0	0	0	0	0	0	0	0	0	0	0	0	22121	19101	0	7985	22121
0	0	0	0	0	0	0	0	0	0	0	0	0	0	0	23	0	0	0	0	0	0	0	0	0	2	0	0	0	0	22079	18162	0	7977	22079
0	0	0	0	0	0	0	0	0	2	1	1	0	0	0	0	0	0	0	0	0	0	0	0	0	0	0	0	0	0	22015	19018	0	7961	22015
0	0	1	0	0	0	0	0	0	0	0	0	0	0	0	54	0	0	0	0	0	0	0	0	0	0	0	0	0	0	21966	18880	0	7956	21966
0	0	0	0	0	0	0	0	0	0	0	0	0	0	6	0	0	0	0	0	0	0	0	0	0	0	0	0	0	0	21867	19507	0	7930	21867
1	0	0	0	0	0	0	0	0	2	5	0	0	0	0	0	0	0	0	0	0	0	0	0	0	0	0	0	0	2	21778	19358	0	7900	21778
0	0	0	0	0	0	0	0	0	0	0	0	0	0	0	9	0	0	0	0	0	0	0	0	0	0	0	0	0	0	21731	19367	0	7887	21731
0	0	0	0	0	0	0	1	0	0	0	0	0	0	0	41	2	1	0	0	0	0	1	0	0	0	0	0	0	0	21682	19292	0	7867	21682
0	0	0	0	3	0	0	0	0	0	0	0	0	0	0	31	0	1	0	0	0	0	0	0	0	1	0	0	0	0	21543	19291	0	7802	21543
0	0	0	0	0	0	0	0	0	1	0	0	0	0	0	0	0	0	0	0	0	0	0	0	0	0	0	0	0	1	21259	19086	0	7664	21259
0	0	0	0	0	0	0	0	0	1	1	1	0	0	0	0	0	0	0	0	0	0	0	1	0	0	0	0	0	1	21094	18768	0	7605	21094
0	0	0	0	0	0	0	0	0	0	0	0	0	0	0	0	0	0	0	0	0	0	0	0	1	0	0	0	0	0	20977	748	0	7553	20977
0	0	0	0	0	0	0	0	0	0	0	0	0	0	1	0	0	0	0	0	0	0	0	0	0	0	0	0	0	0	20751	735	0	7440	20751
0	0	0	0	0	0	0	0	0	0	0	0	0	0	0	0	0	0	0	0	0	0	0	0	0	0	0	0	0	0	20624	773	0	7407	20624
0	0	0	0	0	0	0	0	0	0	0	0	0	0	0	0	0	0	0	0	0	0	0	0	0	0	0	0	0	0	20537	825	0	7374	20537
0	0	0	0	0	0	0	0	0	0	0	0	0	0	0	0	0	0	0	0	0	0	0	0	0	0	0	0	0	0	20447	822	0	7340	20447
0	0	0	0	0	0	0	0	0	0	0	0	0	0	0	0	0	0	0	0	0	0	0	0	0	0	0	0	0	0	20331	767	0	7277	20331
0	0	0	0	0	0	0	0	0	0	0	0	0	0	0	0	0	0	0	0	0	0	0	0	0	0	0	0	0	0	20263	727	0	7255	20263
0	0	0	0	0	0	0	0	0	0	0	0	0	0	0	100	0	0	0	0	0	0	0	0	0	0	0	0	0	0	20160	722	0	7201	20160
0	0	0	0	0	0	0	0	0	0	0	0	0	0	0	0	0	0	0	0	0	0	0	0	0	0	0	0	0	0	20088	751	0	7171	20088
0	0	0	0	0	0	0	0	0	0	0	0	0	0	0	0	0	0	0	0	0	0	0	0	0	0	0	0	0	0	19943	717	0	7101	19943
0	0	0	0	0	0	0	0	0	0	0	0	0	0	0	0	0	0	0	0	0	0	0	0	0	0	0	0	0	0	19620	767	0	6970	19620
