A-	T-	G-	C-	-A	-T	-G	-C	-N	AT	AG	AC	TA	TG	TC	GA	GT	GC	CA	CT	CG	multinuc_deletion	multinuc_insertion	A_multinuc_mismatch	C_multinuc_mismatch	G_multinuc_mismatch	T_multinuc_mismatch	N_multinuc_mismatch	complex_deletion	complex_insertion	read_depth	effective_depth	off_target_mapped_depth	low_mapq_mapped_depth	mapped_depth
0	0	0	0	0	0	0	0	0	0	0	0	0	0	0	0	0	0	0	0	0	0	0	0	0	0	0	0	0	0	11646	10806	0	2336	11646
0	0	0	0	0	0	0	0	0	0	0	0	0	0	0	0	0	0	0	0	0	0	0	0	0	0	0	0	0	0	12474	11336	0	2477	12474
0	0	0	0	0	0	0	0	0	0	0	0	0	0	0	0	0	0	1	2055	3	0	0	0	0	0	0	0	0	0	13284	12402	0	2663	13284
0	0	0	0	0	3	0	0	0	0	0	0	0	0	0	0	0	0	4	15	2	0	0	0	0	0	0	0	0	0	14315	13364	0	2926	14315
0	1	0	0	0	0	0	0	0	0	0	0	0	2	7	0	0	0	0	0	0	0	0	0	0	0	2	0	0	0	15000	14104	0	3156	15000
0	0	5	0	0	0	0	0	0	0	0	0	0	0	0	22	20	13	0	0	0	0	1	0	0	1	0	0	0	0	15492	14612	0	3303	15492
0	0	0	0	0	0	0	0	0	0	0	0	0	0	0	9	2	2	0	0	0	0	1	0	0	2	0	0	0	1	15842	14899	0	3445	15842
0	0	0	0	0	0	0	0	0	0	0	0	0	0	0	0	0	0	2	4	2	0	0	0	0	0	0	0	0	0	16168	15140	0	3584	16168
0	0	4	0	0	0	0	0	0	0	0	0	0	0	0	18	4	4	0	0	0	0	0	0	0	1	0	0	0	1	16425	15337	0	3710	16425
0	0	0	0	0	1	0	1	0	0	0	0	0	0	0	11	5	3	0	0	0	0	4	0	0	16	0	0	1	4	16685	15455	0	3843	16685
0	0	0	4	0	0	0	0	0	0	0	0	0	0	0	0	0	0	76	71	103	0	1	0	6	0	0	0	0	4	16862	14583	0	3926	16862
0	0	0	0	0	0	0	0	0	0	0	0	0	0	0	0	0	0	6927	242	43	1	5	0	851	0	0	0	10	5	17034	15353	0	3972	17034
0	0	0	0	0	1	0	0	0	0	0	0	0	0	0	28	25	4	0	0	0	1	2	0	0	53	0	0	6	10	17688	16171	0	4275	17688
0	0	0	0	0	0	0	0	0	0	0	0	0	1	8	0	0	0	0	0	0	3	0	0	0	0	10	0	1	2	18088	16033	0	4514	18088
6	0	0	0	0	0	0	0	0	42	1	7	0	0	0	0	0	0	0	0	0	2	0	67	0	0	0	0	23	7	18301	16319	0	4639	18301
0	0	0	0	0	0	0	0	0	0	0	0	0	0	0	15	1	0	0	0	0	2	0	0	0	23	0	0	5	6	18609	16735	0	4830	18609
0	0	0	0	0	0	0	0	0	0	0	0	0	0	0	0	0	0	3	10	3	0	0	0	10	0	0	0	3	3	18906	17848	0	5047	18906
0	0	0	0	0	0	0	0	0	0	0	0	0	0	0	21	2	3	0	0	0	2	0	0	0	24	0	0	4	0	19158	17749	0	5245	19158
0	0	0	0	0	0	0	0	0	0	0	0	0	0	0	0	0	0	0	8	3	0	1	0	4	0	0	0	0	3	19412	17991	0	5439	19412
0	0	1	0	0	0	0	0	0	0	0	0	0	0	0	49	3	2	0	0	0	0	1	0	0	9	0	0	11	14	19632	18234	0	5613	19632
0	0	0	0	1	1	0	0	0	0	0	0	0	0	0	43	10	2	0	0	0	0	2	0	0	14	0	0	2	7	19870	18821	0	5795	19870
0	0	0	0	0	0	0	0	0	0	0	0	5	5	6	0	0	0	0	0	0	0	0	0	0	0	5	0	4	2	20275	19184	0	6074	20275
0	0	5	0	0	0	0	0	0	0	0	0	0	0	0	56	6	9	0	0	0	0	0	0	0	12	0	0	7	4	20481	19400	0	6191	20481
0	0	0	0	0	0	0	0	0	0	0	0	0	0	0	38	0	2	0	0	0	0	4	0	0	19	0	0	4	9	20721	19628	0	6349	20721
0	0	0	0	0	0	0	0	0	0	0	0	7	3	9	0	0	0	0	0	0	1	1	0	0	0	7	0	2	3	20967	19775	0	6568	20966
0	0	0	2	0	0	0	0	0	0	0	0	0	0	0	0	0	0	5	29	2	0	0	0	12	0	0	0	5	3	21092	19893	0	6656	21090
0	0	0	0	0	0	0	0	0	0	0	0	0	0	0	0	0	0	2	8	0	0	1	0	12	0	0	0	0	3	21214	20145	0	6770	21212
0	0	0	0	0	0	0	0	0	0	0	0	0	0	0	0	0	0	3	6	0	0	0	0	2	0	0	0	0	0	21348	20390	0	6876	21345
4	0	0	0	0	0	0	0	0	5	3	0	0	0	0	0	0	0	0	0	0	6	0	2	0	0	0	0	1	5	21460	20535	0	6991	21456
0	0	0	1	0	0	0	0	0	0	0	0	0	0	0	0	0	0	5	6	2	0	0	0	1	0	0	0	2	4	21589	20592	0	7111	21585
0	0	0	0	1	1	0	0	0	0	0	0	0	0	0	0	0	0	4	14	0	0	1	0	0	0	0	0	0	2	21679	20195	0	7200	21673
0	0	0	0	0	0	0	1	0	0	0	0	1	0	18	0	0	0	0	0	0	0	0	0	0	0	1	0	1	3	21794	20236	0	7313	21785
0	0	0	0	5	0	0	0	0	0	0	0	0	0	0	17	9	1	0	0	0	0	0	0	0	1	0	0	2	1	21874	20291	0	7378	21865
1	0	0	0	0	0	0	7	0	7	5	0	0	0	0	0	0	0	0	0	0	0	0	2	0	0	0	0	0	7	21935	20781	0	7428	21924
0	0	0	5	0	0	0	0	0	0	0	0	0	0	0	0	0	0	80	100	47	0	0	0	2	0	0	0	2	1	22019	20836	0	7492	22007
0	0	0	0	0	0	0	0	0	0	0	0	0	0	0	0	0	0	47	93	38	1	0	0	9	0	0	0	0	1	22101	20953	0	7534	22089
0	0	0	0	0	0	0	0	0	0	0	0	0	0	0	0	0	0	3	10	1	0	0	0	5	0	0	0	0	2	22148	21011	0	7573	22137
0	0	0	0	1	0	0	0	0	0	0	0	0	0	0	0	0	0	2	7	1	0	1	0	6	0	0	0	1	1	22183	20887	0	7620	22169
20	0	0	0	0	0	0	0	0	98	2	4	0	0	0	0	0	0	0	0	0	0	1	6	0	0	0	0	0	8	22207	20800	0	7671	22194
0	0	0	0	0	0	0	0	0	0	0	0	0	1	7	0	0	0	0	0	0	0	0	0	0	0	2	0	0	1	22288	20790	0	7754	22273
0	0	0	0	0	0	0	0	0	0	0	0	0	0	0	11	7	4	0	0	0	0	1	0	0	5	0	0	2	0	22330	20976	0	7776	22313
0	0	0	1	0	0	0	0	0	0	0	0	0	0	0	0	0	0	7	19	18	2	0	0	3	0	0	0	0	1	22380	21162	0	7828	22362
0	0	0	0	0	0	3	0	0	0	0	0	0	0	0	0	0	0	50	130	55	0	0	0	7	0	0	0	2	0	22436	21166	0	7890	22418
0	0	3	0	0	0	0	0	0	0	0	0	0	0	0	43	14	2	0	0	0	0	0	0	0	2	0	0	3	0	22463	21189	0	7933	22442
3	0	0	0	0	0	0	0	0	106	65	37	0	0	0	0	0	0	0	0	0	0	0	6	0	0	0	0	0	3	22483	20842	0	7984	22461
0	0	0	0	0	0	0	1	0	14	4	4	0	0	0	0	0	0	0	0	0	0	0	1	0	0	0	0	1	0	22496	20927	0	8036	22473
0	0	0	0	0	0	0	0	0	0	0	0	0	0	0	0	0	0	12	18	3	0	0	0	4	0	0	0	0	2	22505	20985	0	8082	22478
0	2	0	0	0	0	0	0	0	0	0	0	0	0	8	0	0	0	0	0	0	0	0	0	0	0	0	0	0	0	22534	21372	0	8125	22505
0	0	0	0	0	0	0	0	0	0	0	0	0	0	0	0	0	0	5	8	1	0	0	0	3	0	0	0	0	4	22540	20885	0	8143	22508
1	0	0	0	0	0	0	1	0	26	3	15	0	0	0	0	0	0	0	0	0	1	1	5	0	0	0	0	12	0	22555	20835	0	8161	22522
0	0	0	0	1	0	0	0	0	0	0	0	0	0	0	24	2	1	0	0	0	1	0	0	0	1	0	0	0	0	22547	20811	0	8191	22514
3	0	0	0	0	0	0	0	0	6	10	1	0	0	0	0	0	0	0	0	0	2	0	1	0	0	0	0	1	0	22559	21259	0	8215	22527
0	0	0	0	0	4	0	0	0	46	4	22	0	0	0	0	0	0	0	0	0	0	0	3	0	0	0	0	3	2	22573	21261	0	8250	22539
0	0	0	0	0	2	0	0	0	0	0	0	0	0	0	33	5	2	0	0	0	0	3	0	0	3	0	0	0	1	22586	21159	0	8268	22551
0	0	0	0	0	0	0	0	0	0	0	0	1	1	4	0	0	0	0	0	0	0	0	0	0	0	0	0	1	0	22579	21089	0	8288	22545
0	0	2	0	0	0	0	0	0	0	0	0	0	0	0	38	3	0	0	0	0	0	0	0	0	6	0	0	0	0	22583	21215	0	8297	22551
4	0	0	0	0	0	0	0	0	9	35	1	0	0	0	0	0	0	0	0	0	3	1	1	0	0	0	0	1	0	22561	21295	0	8305	22528
0	0	0	0	0	0	0	0	0	7	5	3	0	0	0	0	0	0	0	0	0	0	0	2	0	0	0	0	3	0	22548	21288	0	8328	22515
0	0	0	0	0	0	0	0	0	83	35	21	0	0	0	0	0	0	0	0	0	0	0	3	0	0	0	0	0	1	22543	21101	0	8346	22510
0	0	0	0	0	0	0	0	0	0	0	0	0	0	0	0	0	0	3	15	2	0	0	0	1	0	0	0	0	0	22531	21022	0	8370	22499
0	0	0	0	0	0	0	0	0	0	0	0	0	0	0	35	6	2	0	0	0	0	0	0	0	0	0	0	0	5	22499	20898	0	8371	22466
0	0	0	0	0	0	0	0	0	0	0	0	0	0	0	0	0	0	0	3	0	0	0	0	0	0	0	0	0	2	22478	20998	0	8380	22443
0	0	0	0	0	0	0	0	0	0	0	0	0	0	0	0	0	0	2	7	3	0	0	0	0	0	0	0	1	1	22443	21021	0	8383	22406
0	0	3	0	0	0	0	0	0	0	0	0	0	0	0	56	2	3	0	0	0	0	1	0	0	1	0	0	0	0	22406	21060	0	8384	22365
0	2	0	0	0	0	0	0	0	0	0	0	0	0	8	0	0	0	0	0	0	1	0	0	0	0	0	0	0	0	22350	20952	0	8390	22305
4	0	0	0	0	0	0	0	0	77	8	13	0	0	0	0	0	0	0	0	0	1	0	2	0	0	0	0	0	0	22215	20992	0	8391	22169
0	0	0	0	0	0	0	0	0	0	0	0	0	0	0	44	1	2	0	0	0	0	0	0	0	2	0	0	0	2	22195	20994	0	8393	22147
0	0	0	0	0	0	0	0	0	0	0	0	0	0	0	0	0	0	1	10	2	0	0	0	0	0	0	0	0	0	22185	21098	0	8399	22137
0	0	0	0	0	0	0	0	0	0	0	0	0	0	0	40	5	1	0	0	0	0	0	0	0	3	0	0	0	0	22175	20936	0	8401	22125
0	0	0	0	0	0	0	0	0	0	0	0	0	0	0	0	0	0	3	8	0	0	0	0	1	0	0	0	1	0	22158	20917	0	8405	22105
0	0	0	0	0	0	0	0	0	0	0	0	0	0	0	0	0	0	2	8	1	0	2	0	0	0	0	0	0	2	22135	20863	0	8407	22082
0	0	0	0	0	0	0	0	0	0	0	0	0	0	0	37	11	0	0	0	0	0	2	0	0	1	0	0	0	0	22098	20167	0	8400	22047
0	0	0	0	0	0	0	0	0	25	51	9	0	0	0	0	0	0	0	0	0	0	0	0	0	0	0	0	0	0	22060	19736	0	8398	22005
0	0	0	0	0	0	0	0	0	0	0	0	2	11	3	0	0	0	0	0	0	0	0	0	0	0	0	0	0	0	22044	19658	0	8389	21990
0	0	0	0	0	0	0	0	0	0	0	0	0	0	0	45	0	1	0	0	0	2	0	0	0	3	0	0	0	0	22039	20272	0	8385	21985
0	0	0	0	0	0	0	0	0	0	0	0	0	0	0	45	4	0	0	0	0	0	0	0	0	1	0	0	0	0	22031	20460	0	8386	21982
0	0	0	0	0	0	0	0	0	0	0	0	3	2	4	0	0	0	0	0	0	0	0	0	0	0	0	0	0	0	22010	20260	0	8383	21958
1	0	0	0	0	0	0	0	0	104	2	8	0	0	0	0	0	0	0	0	0	0	0	2	0	0	0	0	0	0	21987	20230	0	8378	21937
0	0	0	0	0	0	0	0	0	0	0	0	0	0	0	57	1	0	0	0	0	0	0	0	0	1	0	0	1	0	21988	20472	0	8380	21939
0	0	0	0	0	0	0	0	0	0	0	0	0	2	1	0	0	0	0	0	0	0	0	0	0	0	1	0	0	0	21982	20736	0	8377	21936
0	0	0	0	0	0	0	0	0	0	0	0	0	0	0	39	9	5	0	0	0	0	0	0	0	2	0	0	0	1	21964	20564	0	8360	21923
0	0	0	0	0	0	1	0	0	0	0	0	0	1	12	0	0	0	0	0	0	0	0	0	0	0	0	0	0	0	21958	20628	0	8361	21921
0	0	7	0	0	0	0	0	0	0	0	0	0	0	0	11	6	2	0	0	0	0	0	0	0	6	0	0	1	0	21941	20376	0	8356	21909
0	0	0	0	0	0	0	0	0	0	0	0	0	0	0	13	13	1	0	0	0	2	0	0	0	0	0	0	0	0	21931	20503	0	8349	21900
0	0	0	0	0	0	0	0	0	0	0	0	0	0	0	87	17	6	0	0	0	0	0	0	0	1	0	0	0	0	21930	20595	0	8339	21910
0	0	0	0	0	0	0	0	0	0	0	0	0	0	0	39	8	2	0	0	0	0	0	0	0	0	0	0	0	2	21911	19659	0	8337	21899
0	1	0	0	0	0	0	0	0	0	0	0	8	6	17	0	0	0	0	0	0	0	0	0	0	0	0	0	1	1	21894	19515	0	8330	21882
0	0	0	0	0	0	0	0	0	0	0	0	0	0	0	0	0	0	37	57	8	0	0	0	1	0	0	0	0	0	21882	19358	0	8327	21879
0	0	0	0	0	0	0	3	0	0	0	0	3	0	27	0	0	0	0	0	0	0	2	0	0	0	0	0	0	1	21866	20168	0	8313	21865
0	0	0	4	0	0	0	0	0	0	0	0	0	0	0	0	0	0	2	12	3	0	0	0	0	0	0	0	0	0	21848	20166	0	8313	21847
0	0	0	0	0	4	0	0	0	0	0	0	0	0	0	0	0	0	0	4	0	0	0	0	0	0	0	0	0	0	21839	20103	0	8309	21838
0	0	0	0	0	0	0	0	0	0	0	0	0	0	0	0	0	0	1	2798	0	0	0	0	34	0	0	0	0	0	21796	20154	0	8295	21795
0	0	0	0	0	0	0	0	0	0	0	0	0	0	0	0	0	0	0	1	0	0	0	0	1	0	0	0	0	0	21759	19784	0	8286	21759
25	0	0	0	0	0	0	0	0	8	2	3	0	0	0	0	0	0	0	0	0	0	0	6	0	0	0	0	0	2	21456	19661	0	8168	21456
0	0	0	0	0	0	0	0	0	0	0	0	0	0	8	0	0	0	0	0	0	0	0	0	0	0	1	0	0	0	21412	19607	0	8158	21412
0	0	0	0	0	0	0	0	0	0	0	0	0	0	0	9	8	0	0	0	0	0	0	0	0	2	0	0	0	0	21377	19449	0	8149	21377
0	0	0	0	0	0	0	0	0	0	0	0	0	0	0	0	0	0	2	4	1	0	0	0	2	0	0	0	0	0	21327	19140	0	8137	21327
0	0	0	0	0	0	0	0	0	0	0	0	0	0	0	16	12	2	0	0	0	0	0	0	0	2	0	0	0	0	21291	18052	0	8128	21291
0	0	0	0	0	0	0	0	0	51	67	9	0	0	0	0	0	0	0	0	0	0	0	2	0	0	0	0	0	0	21235	18073	0	8116	21235
0	0	0	0	0	0	0	0	0	0	0	0	0	0	0	25	1	0	0	0	0	0	0	0	0	1	0	0	0	1	21192	17151	0	8097	21192
0	0	0	0	0	0	0	0	0	28	14	8	0	0	0	0	0	0	0	0	0	0	0	1	0	0	0	0	0	0	21105	17848	0	8079	21105
0	0	0	0	0	0	0	0	0	0	0	0	0	0	0	31	1	1	0	0	0	0	1	0	0	0	0	0	0	0	21061	17680	0	8068	21061
0	0	0	0	0	0	0	0	0	0	0	0	2	0	9	0	0	0	0	0	0	0	0	0	0	0	0	0	0	0	20972	18177	0	8032	20972
0	0	0	0	0	0	0	0	0	284	58	22	0	0	0	0	0	0	0	0	0	0	0	13	0	0	0	0	0	0	20879	18014	0	7999	20879
0	0	4	0	0	0	0	0	0	0	0	0	0	0	0	8	8	0	0	0	0	0	0	0	0	0	0	0	0	0	20835	17979	0	7979	20835
0	0	0	0	0	0	0	0	0	0	0	0	0	0	0	40	3	1	0	0	0	0	1	0	0	4	0	0	0	0	20775	17919	0	7946	20775
0	0	0	0	0	0	0	0	0	0	0	0	0	0	0	25	8	0	0	0	0	0	3	0	0	3	0	0	0	0	20579	17859	0	7880	20579
13	0	0	0	0	0	0	0	0	32	13	13	0	0	0	0	0	0	0	0	0	0	0	1	0	0	0	0	2	0	20134	17563	0	7669	20134
0	0	0	0	0	1	0	0	0	939	235	147	0	0	0	0	0	0	0	0	0	1	1	40	0	0	0	0	2	4	19899	17203	0	7609	19899
0	0	0	0	0	0	0	0	0	0	0	0	0	0	0	0	0	0	0	1	0	0	0	0	0	0	0	0	0	0	19739	941	0	7554	19739
0	0	0	0	0	0	0	0	0	0	0	0	0	0	0	0	0	0	0	0	0	0	0	0	0	0	0	0	0	0	19487	929	0	7469	19487
0	0	0	0	0	0	0	0	0	0	0	0	0	0	0	2	0	0	0	0	0	0	0	0	0	1	0	0	0	0	19345	938	0	7419	19345
0	0	0	0	0	0	0	0	0	0	0	0	0	0	0	0	0	0	0	0	1	0	0	0	0	0	0	0	0	0	19233	990	0	7391	19233
0	0	0	0	0	0	0	0	0	0	0	0	0	0	0	0	0	0	0	2	0	0	0	0	0	0	0	0	0	0	19102	991	0	7349	19102
2	0	0	0	0	0	0	0	0	5	1	0	0	0	0	0	0	0	0	0	0	0	0	0	0	0	0	0	0	0	18976	973	0	7294	18976
0	0	0	0	0	0	0	0	0	0	0	0	0	0	0	0	2	0	0	0	0	0	0	0	0	0	0	0	0	0	18904	937	0	7277	18904
0	0	0	0	0	0	0	0	0	0	0	0	0	0	0	164	0	0	0	0	0	0	0	0	0	0	0	0	0	0	18760	940	0	7216	18760
0	0	0	0	0	0	0	0	0	0	0	0	0	0	0	0	0	0	0	0	0	0	0	0	1	0	0	0	0	0	18643	959	0	7177	18643
0	0	0	0	0	0	0	0	0	1	0	2	0	0	0	0	0	0	0	0	0	0	0	0	0	0	0	0	0	0	18388	924	0	7090	18388
0	0	0	0	0	0	0	0	0	0	0	0	0	0	0	0	0	0	0	0	0	0	0	0	0	0	0	0	0	0	17967	956	0	6901	17967
